y=[0.3 0.3001 0.3002 0.3003 0.3004 0.3005 0.3006 0.3007 0.3008 0.3009 0.301 0.3011 0.3012 0.3013 0.3014 0.3015 0.3016 0.3017 0.3018 0.3019 0.302 0.3021 0.3022 0.3023 0.3024 0.3025 0.3026 0.3027 0.3028 0.3029 0.303 0.3031 0.3032 0.3033 0.3034 0.3035 0.3036 0.3037 0.3038 0.3039 0.304 0.3041 0.3042 0.3043 0.3044 0.3045 0.3046 0.3047 0.3048 0.3049 0.305 0.3051 0.3052 0.3053 0.3054 0.3055 0.3056 0.3057 0.3058 0.3059 0.306 0.3061 0.3062 0.3063 0.3064 0.3065 0.3066 0.3067 0.3068 0.3069 0.307 0.3071 0.3072 0.3073 0.3074 0.3075 0.3076 0.3077 0.3078 0.3079 0.308 0.3081 0.3082 0.3083 0.3084 0.3085 0.3086 0.3087 0.3088 0.3089 0.309 0.3091 0.3092 0.3093 0.3094 0.3095 0.3096 0.3097 0.3098 0.3099 0.31 0.3101 0.3102 0.3103 0.3104 0.3105 0.3106 0.3107 0.3108 0.3109 0.311 0.3111 0.3112 0.3113 0.3114 0.3115 0.3116 0.3117 0.313205 0.323684 0.334159 0.344629 0.35509 0.365538 0.37597 0.386383 0.396774 0.407139 0.417475 0.427779 0.438048 0.448279 0.458469 0.468615 0.478715 0.488765 0.498762 0.508705 0.51859 0.528415 0.538179 0.547877 0.557509 0.57051 0.590396 0.610205 0.629934 0.649575 0.669126 0.68858 0.707934 0.727182 0.746319 0.765343 0.784247 0.803029 0.821684 0.840208 0.858598 0.876851 0.894962 0.91293 0.93075 0.94842 0.965937 0.983298 1.0005 1.01755 1.0399 1.06703 1.09399 1.12077 1.14737 1.17378 1.20001 1.22605 1.25188 1.27752 1.30295 1.32817 1.35318 1.37797 1.40255 1.4269 1.45103 1.47493 1.4986 1.52204 1.54525 1.56822 1.59095 1.61345 1.6357 1.66523 1.69743 1.72937 1.76107 1.79251 1.82368 1.8546 1.88525 1.91563 1.94574 1.97557 2.00512 2.03439 2.06338 2.09208 2.1205 2.14863 2.17647 2.20401 2.23126 2.25822 2.28488 2.31125 2.33732 2.36309 2.38857 2.41375 2.43863 2.46321 2.4875 2.51149 2.53518 2.55858 2.58169 2.6045 2.62702 2.64925 2.67119 2.69285 2.71422 2.7353 2.7561 2.77662 2.79686 2.81683 2.83652 2.85594 2.87508 2.89396 2.91258 2.93093 2.94902 2.96686 2.98444 3.00177 3.02456 3.05184 3.07888 3.10568 3.13222 3.15851 3.18455 3.21034 3.23588 3.26117 3.2862 3.31099 3.33551 3.35979 3.38382 3.40759 3.4311 3.45437 3.47738 3.50014 3.52265 3.5449 3.5669 3.58866 3.61016 3.63141 3.65241 3.67317 3.69367 3.71393 3.73394 3.75371 3.77324 3.79252 3.81156 3.83036 3.84893 3.86725 3.88534 3.9032 3.92083 3.93822 3.95538 3.97232 3.98903 4.00552 4.02179 4.03784 4.05367 4.06928 4.08468 4.09987 4.11485 4.12963 4.1442 4.15856 4.17273 4.18669 4.20047 4.21404 4.22743 4.24063 4.25363 4.26646 4.2791 4.29157 4.30385 4.31596 4.3279 4.33967 4.35126 4.3627 4.37396 4.38507 4.39602 4.40681 4.41744 4.42793 4.43826 4.44844 4.45848 4.46838 4.47813 4.48774 4.49722 4.50656 4.51577 4.52484 4.53379 4.54261 4.5513 4.55987 4.56832 4.57665 4.58486 4.59296 4.60094 4.60881 4.61657 4.62422 4.63176 4.6392 4.64653 4.65377 4.6609 4.66793 4.67487 4.68171 4.68846 4.69511 4.70168 4.70815 4.71454 4.72084 4.72705 4.73318 4.73923 4.7452 4.75109 4.7569 4.76263 4.76828 4.77386 4.77937 4.7848 4.79017 4.79546 4.80068 4.80584 4.81093 4.81595 4.82091 4.82581 4.83064 4.83541 4.84012 4.84477 4.84937 4.8539 4.85838 4.8628 4.86717 4.87148 4.87574 4.87994 4.8841 4.8882 4.89225 4.89626 4.90021 4.90412 4.90798 4.9118 4.91557 4.91929 4.92297 4.92661 4.9302 4.93375 4.93726 4.94073 4.94416 4.94754 4.95089 4.9542 4.95748 4.96071 4.96391 4.96707 4.9702 4.97329 4.97634 4.97937 4.98236 4.98531 4.98823 4.99112 4.99398 4.99681 4.99961 5.00237 5.00511 5.00781 5.01049 5.01314 5.01576 5.01835 5.02092 5.02346 5.02597 5.02845 5.03091 5.03334 5.03575 5.03814 5.04049 5.04283 5.04514 5.04743 5.04969 5.05193 5.05415 5.05635 5.05852 5.06067 5.0628 5.06491 5.067 5.06907 5.07112 5.07315 5.07515 5.07714 5.07911 5.08106 5.083 5.08491 5.08681 5.08868 5.09054 5.09239 5.09421 5.09602 5.09781 5.09958 5.10134 5.10308 5.10481 5.10652 5.10821 5.10989 5.11156 5.11321 5.11484 5.11646 5.11806 5.11965 5.12123 5.12279 5.12434 5.12588 5.1274 5.12891 5.1304 5.13188 5.13335 5.13481 5.13625 5.13769 5.13911 5.14052 5.14191 5.1433 5.14467 5.14603 5.14738 5.14872 5.15005 5.15136 5.15267 5.15396 5.15525 5.15652 5.15779 5.15904 5.16028 5.16152 5.16274 5.16395 5.16516 5.16635 5.16754 5.16871 5.16988 5.17104 5.17219 5.17333 5.17446 5.17558 5.1767 5.1778 5.1789 5.17999 5.18107 5.18214 5.1832 5.18426 5.18531 5.18635 5.18738 5.1884 5.18942 5.19043 5.19144 5.19243 5.19342 5.1944 5.19537 5.19634 5.1973 5.19825 5.1992 5.20014 5.20107 5.202 5.20292 5.20383 5.20474 5.20564 5.20654 5.20742 5.20831 5.20918 5.21005 5.21092 5.21178 5.21263 5.21347 5.21432 5.21515 5.21598 5.21681 5.21762 5.21844 5.21925 5.22005 5.22085 5.22164 5.22243 5.22321 5.22399 5.22476 5.22553 5.22629 5.22705 5.2278 5.22855 5.22929 5.23003 5.23076 5.23149 5.23222 5.23294 5.23365 5.23436 5.23507 5.23577 5.23647 5.23716 5.23785 5.23854 5.23922 5.2399 5.24057 5.24124 5.24191 5.24257 5.24323 5.24388 5.24453 5.24518 5.24582 5.24646 5.24709 5.24772 5.24835 5.24898 5.2496 5.25021 5.25083 5.25144 5.25204 5.25265 5.25325 5.25384 5.25443 5.25502 5.25561 5.25619 5.25677 5.25735 5.25792 5.2585 5.25906 5.25963 5.26019 5.26075 5.2613 5.26186 5.2624 5.26295 5.26349 5.26404 5.26457 5.26511 5.26564 5.26617 5.2667 5.26722 5.26774 5.26826 5.26878 5.26929 5.2698 5.27031 5.27082 5.27132 5.27182 5.27232 5.27281 5.27331 5.2738 5.27429 5.27477 5.27526 5.27574 5.27622 5.27669 5.27717 5.27764 5.27811 5.27858 5.27904 5.27951 5.27997 5.28043 5.28088 5.28134 5.28179 5.28224 5.28269 5.28313 5.28358 5.28402 5.28446 5.2849 5.28533 5.28577 5.2862 5.28663 5.28706 5.28748 5.28791 5.28833 5.28875 5.28917 5.28958 5.29 5.29041 5.29082 5.29123 5.29164 5.29205 5.29245 5.29285 5.29325 5.29365 5.29405 5.29444 5.29484 5.29523 5.29562 5.29601 5.2964 5.29678 5.29717 5.29755 5.29793 5.29831 5.29869 5.29906 5.29944 5.29981 5.30018 5.30055 5.30092 5.30129 5.30166 5.30202 5.30238 5.30275 5.30311 5.30346 5.30382 5.30418 5.30453 5.30489 5.30524 5.30559 5.30594 5.30628 5.30663 5.30698 5.30732 5.30766 5.308 5.30834 5.30868 5.30902 5.30936 5.30969 5.31002 5.31036 5.31069 5.31102 5.31135 5.31167 5.312 5.31233 5.31265 5.31297 5.31329 5.31362 5.31393 5.31425 5.31457 5.31489 5.3152 5.31552 5.31583 5.31614 5.31645 5.31676 5.31707 5.31738 5.31768 5.31799 5.31829 5.3186 5.3189 5.3192 5.3195 5.3198 5.3201 5.32039 5.32069 5.32099 5.32128 5.32157 5.32187 5.32216 5.32245 5.32274 5.32303 5.32332 5.3236 5.32389 5.32417 5.32446 5.32474 5.32502 5.3253 5.32559 5.32587 5.32614 5.32642 5.3267 5.32698 5.32725 5.32753 5.3278 5.32807 5.32834 5.32862 5.32889 5.32916 5.32943 5.32969 5.32996 5.33023 5.33049 5.33076 5.33102 5.33129 5.33155 5.33181 5.33207 5.33233 5.33259 5.33285 5.33311 5.33337 5.33362 5.33388 5.33413 5.33439 5.33464 5.3349 5.33515 5.3354 5.33565 5.3359 5.33615 5.3364 5.33665 5.3369 5.33714 5.33739 5.33763 5.33788 5.33812 5.33837 5.33861 5.33885 5.33909 5.33934 5.33958 5.33982 5.34006 5.34029 5.34053 5.34077 5.34101 5.34124 5.34148 5.34171 5.34195 5.34218 5.34241 5.34265 5.34288 5.34311 5.34334 5.34357 5.3438 5.34403 5.34426 5.34449 5.34472 5.34494 5.34517 5.3454 5.34562 5.34585 5.34607 5.34629 5.34652 5.34674 5.34696 5.34718 5.3474 5.34763 5.34785 5.34806 5.34828 5.3485 5.34872 5.34894 5.34916 5.34937 5.34959 5.3498 5.35002 5.35023 5.35045 5.35066 5.35088 5.35109 5.3513 5.35151 5.35172 5.35193 5.35214 5.35235 5.35256 5.35277 5.35298 5.35319 5.3534 5.35361 5.35381 5.35402 5.35422 5.35443 5.35464 5.35484 5.35504 5.35525 5.35545 5.35566 5.35586 5.35606 5.35626 5.35646 5.35666 5.35687 5.35707 5.35727 5.35746 5.35766 5.35786 5.35806 5.35826 5.35846 5.35865 5.35885 5.35905 5.35924 5.35944 5.35963 5.35983 5.36002 5.36022 5.36041 5.3606 5.3608 5.36099 5.36118 5.36137 5.36156 5.36175 5.36195 5.36214 5.36233 5.36252 5.36271 5.36289 5.36308 5.36327 5.36346 5.36365 5.36383 5.36402 5.36421 5.36439 5.36458 5.36477 5.36495 5.36514 5.36532 5.36551 5.36569 5.36587 5.36606 5.36624 5.36642 5.36661 5.36679 5.36697 5.36715 5.36733 5.36751 5.36769 5.36787 5.36806 5.36823 5.36841 5.36859 5.36877 5.36895 5.36913 5.36931 5.36949 5.36966 5.36984 5.37002 5.37019 5.37037 5.37055 5.37072 5.3709 5.37107 5.37125 5.37142 5.3716 5.37177 5.37194 5.37212 5.37229 5.37246 5.37264 5.37281 5.37298 5.37315 5.37333 