y=[0.3 0.3001 0.3002 0.3003 0.3004 0.3005 0.3006 0.3007 0.3008 0.3009 0.301 0.3011 0.3012 0.3013 0.3014 0.3015 0.3016 0.3017 0.3018 0.3019 0.302 0.3021 0.3022 0.3023 0.3024 0.3025 0.3026 0.3027 0.3028 0.3029 0.303 0.3031 0.3032 0.3033 0.3034 0.3035 0.3036 0.3037 0.3038 0.3039 0.304 0.3041 0.3042 0.3043 0.3044 0.3045 0.3046 0.3047 0.3048 0.3049 0.305 0.3051 0.3052 0.3053 0.3054 0.3055 0.3056 0.3057 0.3058 0.3059 0.306 0.3061 0.3062 0.3063 0.3064 0.3065 0.3066 0.3067 0.3068 0.3069 0.307 0.3071 0.3072 0.3073 0.3074 0.3075 0.3076 0.3077 0.3078 0.3079 0.308 0.3081 0.3082 0.3083 0.3084 0.3085 0.3086 0.3087 0.3088 0.3089 0.309 0.3091 0.3092 0.3093 0.3094 0.3095 0.3096 0.3097 0.3098 0.3099 0.31 0.3101 0.3102 0.3103 0.3104 0.3105 0.3106 0.3107 0.3108 0.3109 0.311 0.3111 0.3112 0.3113 0.3114 0.3115 0.3116 0.3117 0.312151 0.314846 0.317541 0.320236 0.322932 0.325627 0.328323 0.331018 0.333714 0.336409 0.339104 0.341799 0.344494 0.347188 0.349882 0.352575 0.355269 0.357961 0.360653 0.363344 0.366035 0.368724 0.371413 0.374102 0.376789 0.380335 0.385619 0.390902 0.396184 0.401465 0.406745 0.412024 0.417302 0.422578 0.427852 0.433125 0.438396 0.443665 0.448933 0.454198 0.459461 0.464722 0.46998 0.475236 0.480489 0.48574 0.490988 0.496233 0.501475 0.506714 0.513319 0.521154 0.528986 0.536815 0.54464 0.552462 0.56028 0.568094 0.575904 0.583709 0.591511 0.599308 0.6071 0.614887 0.62267 0.630447 0.638219 0.645986 0.653747 0.661503 0.669252 0.676996 0.684734 0.692465 0.70019 0.709789 0.720107 0.730419 0.740724 0.751021 0.761312 0.771595 0.781871 0.792139 0.802399 0.812651 0.822895 0.83313 0.843356 0.853573 0.863782 0.873981 0.884171 0.894351 0.904521 0.914682 0.924832 0.934972 0.945101 0.95522 0.965328 0.975425 0.98551 0.995585 1.00565 1.0157 1.02574 1.03576 1.04578 1.05578 1.06577 1.07575 1.08571 1.09566 1.1056 1.11553 1.12544 1.13533 1.14522 1.15509 1.16494 1.17478 1.18461 1.19442 1.20422 1.214 1.22377 1.23352 1.24326 1.25298 1.26411 1.27642 1.2887 1.30098 1.31323 1.32548 1.3377 1.34991 1.3621 1.37427 1.38643 1.39857 1.41069 1.42279 1.43488 1.44695 1.459 1.47103 1.48304 1.49504 1.50701 1.51897 1.5309 1.54282 1.55472 1.5666 1.57846 1.59029 1.60211 1.61391 1.62569 1.63744 1.64918 1.66089 1.67259 1.68426 1.69591 1.70754 1.71914 1.73073 1.74229 1.75383 1.76535 1.77685 1.78833 1.79978 1.81121 1.82261 1.83399 1.84535 1.85669 1.868 1.87929 1.89056 1.9018 1.91302 1.92421 1.93538 1.94653 1.95765 1.96875 1.97982 1.99087 2.00189 2.01289 2.02387 2.03481 2.04574 2.05664 2.06751 2.07836 2.08918 2.09998 2.11075 2.12149 2.13221 2.14291 2.15357 2.16422 2.17483 2.18542 2.19598 2.20652 2.21703 2.22751 2.23797 2.2484 2.25881 2.26918 2.27953 2.28986 2.30015 2.31042 2.32067 2.33088 2.34107 2.35123 2.36137 2.37147 2.38155 2.3916 2.40163 2.41163 2.4216 2.43154 2.44145 2.45134 2.4612 2.47103 2.48084 2.49061 2.50036 2.51008 2.51977 2.52944 2.53908 2.54869 2.55827 2.56782 2.57735 2.58684 2.59631 2.60575 2.61517 2.62455 2.63391 2.64324 2.65254 2.66181 2.67106 2.68028 2.68947 2.69863 2.70776 2.71686 2.72594 2.73499 2.74401 2.753 2.76197 2.7709 2.77981 2.78869 2.79755 2.80637 2.81517 2.82393 2.83267 2.84139 2.85007 2.85873 2.86736 2.87596 2.88453 2.89307 2.90159 2.91008 2.91854 2.92697 2.93538 2.94376 2.95211 2.96043 2.96873 2.97699 2.98523 2.99345 3.00163 3.00979 3.01792 3.02602 3.0341 3.04214 3.05016 3.05816 3.06612 3.07406 3.08197 3.08986 3.09772 3.10555 3.11335 3.12113 3.12888 3.1366 3.14429 3.15196 3.15961 3.16722 3.17481 3.18237 3.18991 3.19742 3.2049 3.21236 3.21979 3.22719 3.23457 3.24192 3.24925 3.25655 3.26382 3.27107 3.27829 3.28549 3.29266 3.2998 3.30692 3.31401 3.32108 3.32812 3.33514 3.34213 3.3491 3.35604 3.36295 3.36984 3.37671 3.38355 3.39036 3.39715 3.40392 3.41066 3.41738 3.42407 3.43073 3.43738 3.444 3.45059 3.45716 3.4637 3.47022 3.47672 3.48319 3.48964 3.49607 3.50247 3.50884 3.5152 3.52153 3.52783 3.53412 3.54038 3.54661 3.55282 3.55901 3.56518 3.57132 3.57744 3.58354 3.58961 3.59566 3.60169 3.6077 3.61368 3.61964 3.62558 3.6315 3.63739 3.64326 3.64911 3.65494 3.66074 3.66652 3.67228 3.67802 3.68374 3.68944 3.69511 3.70076 3.70639 3.712 3.71759 3.72316 3.7287 3.73423 3.73973 3.74521 3.75067 3.75612 3.76153 3.76693 3.77231 3.77767 3.78301 3.78833 3.79362 3.7989 3.80416 3.80939 3.81461 3.8198 3.82498 3.83014 3.83527 3.84039 3.84549 3.85057 3.85562 3.86066 3.86568 3.87068 3.87566 3.88063 3.88557 3.89049 3.8954 3.90028 3.90515 3.91 3.91483 3.91964 3.92443 3.92921 3.93396 3.9387 3.94342 3.94812 3.95281 3.95747 3.96212 3.96675 3.97136 3.97595 3.98053 3.98509 3.98963 3.99415 3.99866 4.00315 4.00762 4.01207 4.01651 4.02093 4.02533 4.02972 4.03409 4.03844 4.04278 4.0471 4.0514 4.05569 4.05996 4.06421 4.06845 4.07267 4.07687 4.08106 4.08523 4.08939 4.09353 4.09765 4.10176 4.10585 4.10993 4.11399 4.11804 4.12207 4.12608 4.13008 4.13407 4.13804 4.14199 4.14593 4.14985 4.15376 4.15765 4.16153 4.1654 4.16925 4.17308 4.1769 4.1807 4.1845 4.18827 4.19203 4.19578 4.19951 4.20323 4.20694 4.21063 4.21431 4.21797 4.22162 4.22525 4.22887 4.23248 4.23607 4.23965 4.24322 4.24677 4.25031 4.25384 4.25735 4.26085 4.26434 4.26781 4.27127 4.27472 4.27815 4.28157 4.28498 4.28837 4.29176 4.29513 4.29848 4.30183 4.30516 4.30848 4.31178 4.31508 4.31836 4.32163 4.32489 4.32813 4.33136 4.33458 4.33779 4.34099 4.34417 4.34735 4.35051 4.35366 4.35679 4.35992 4.36303 4.36614 4.36923 4.37231 4.37537 4.37843 4.38148 4.38451 4.38753 4.39054 4.39354 4.39653 4.39951 4.40248 4.40543 4.40838 4.41131 4.41423 4.41715 4.42005 4.42294 4.42582 4.42869 4.43155 4.4344 4.43724 4.44006 4.44288 4.44569 4.44849 4.45127 4.45405 4.45682 4.45957 4.46232 4.46505 4.46778 4.4705 4.4732 4.4759 4.47858 4.48126 4.48393 4.48659 4.48923 4.49187 4.4945 4.49712 4.49973 4.50233 4.50492 4.5075 4.51007 4.51264 4.51519 4.51774 4.52027 4.5228 4.52531 4.52782 4.53032 4.53281 4.53529 4.53776 4.54023 4.54268 4.54513 4.54757 4.54999 4.55241 4.55483 4.55723 4.55962 4.56201 4.56438 4.56675 4.56911 4.57147 4.57381 4.57614 4.57847 4.58079 4.5831 4.5854 4.5877 4.58998 4.59226 4.59453 4.5968 4.59905 4.6013 4.60354 4.60577 4.60799 4.6102 4.61241 4.61461 4.6168 4.61899 4.62117 4.62333 4.6255 4.62765 4.6298 4.63194 4.63407 4.63619 4.63831 4.64042 4.64252 4.64462 4.64671 4.64879 4.65086 4.65293 4.65499 4.65704 4.65909 4.66113 4.66316 4.66518 4.6672 4.66921 4.67121 4.67321 4.6752 4.67719 4.67916 4.68113 4.6831 4.68505 4.687 4.68895 4.69088 4.69281 4.69474 4.69666 4.69857 4.70047 4.70237 4.70426 4.70615 4.70803 4.7099 4.71176 4.71362 4.71548 4.71733 4.71917 4.721 4.72283 4.72466 4.72647 4.72829 4.73009 4.73189 4.73368 4.73547 4.73725 4.73903 4.7408 4.74256 4.74432 4.74607 4.74782 4.74956 4.75129 4.75302 4.75475 4.75647 4.75818 4.75989 4.76159 4.76328 4.76497 4.76666 4.76834 4.77001 4.77168 4.77334 4.775 4.77665 4.7783 4.77994 4.78158 4.78321 4.78483 4.78645 4.78807 4.78968 4.79128 4.79288 4.79448 4.79607 4.79765 4.79923 4.80081 4.80238 4.80394 4.8055 4.80705 4.8086 4.81015 4.81169 4.81322 4.81475 4.81628 4.8178 4.81931 4.82083 4.82233 4.82383 4.82533 4.82682 4.82831 4.82979 4.83127 4.83274 4.83421 4.83567 4.83713 4.83859 4.84004 4.84149 4.84293 4.84436 4.8458 4.84722 4.84865 4.85007 4.85148 4.85289 4.8543 4.8557 4.8571 4.85849 4.85988 4.86127 4.86265 4.86402 4.86539 4.86676 4.86813 4.86949 4.87084 4.87219 4.87354 4.87488 4.87622 4.87756 4.87889 4.88021 4.88154 4.88286 4.88417 4.88548 4.88679 4.88809 4.88939 4.89069 4.89198 4.89327 4.89455 4.89583 4.89711 4.89838 4.89965 4.90091 4.90217 4.90343 4.90468 4.90593 4.90718 4.90842 4.90966 4.9109 4.91213 4.91335 4.91458 4.9158 4.91702 4.91823 4.91944 4.92065 4.92185 4.92305 4.92424 4.92544 4.92663 4.92781 4.92899 4.93017 4.93135 4.93252 4.93369 4.93485 4.93601 4.93717 4.93833 4.93948 4.94063 4.94177 4.94291 4.94405 4.94519 4.94632 4.94745 4.94857 4.94969 4.95081 4.95193 4.95304 4.95415 4.95526 4.95636 4.95746 4.95856 4.95965 4.96074 4.96183 4.96292 4.964 4.96508 4.96615 4.96722 4.96829 4.96936 4.97042 4.97148 4.97254 4.9736 4.97465 4.9757 4.97674 4.97779 4.97883 4.97986 4.9809 4.98193 4.98296 4.98398 4.98501 