x_24_1=[0.104629 0.209198 0.313702 0.418136 0.522495 0.626777 0.730975 0.835086 0.939106 1.04303 1.14685 1.25057 1.35418 1.45768 1.56106 1.66432 1.76746 1.87047 1.97334 2.07608 2.17868 2.28113 2.38343 2.48559 2.58759 2.68943 2.79111 2.89262 2.99396 3.09513 3.19613 3.29694 3.39758 3.49803 3.59829 3.69836 3.79823 3.89791 3.99739 4.09666 4.19574 4.2946 4.39325 4.49169 4.58991 4.68792 4.78571 4.88327 4.98061 5.07772 5.1746 5.27126 5.36767 5.46386 5.55981 5.65552 5.75098 5.84621 5.94119 6.03593 6.13042 6.22467 6.31866 6.41241 6.5059 6.59913 6.69212 6.78484 6.87731 6.96953 7.06148 7.15317 7.24461 7.33578 7.42669 7.51733 7.60772 7.69783 7.78769 7.87727 7.96659 8.05565 8.14443 8.23295 8.3212 8.40919 8.4969 8.58435 8.67152 8.75843 8.84507 8.93143 9.01753 9.10336 9.18892 9.27421 9.35923 9.44398 9.52846 9.61267 9.69662 9.78029 9.8637 9.94683 10.0297 10.1123 10.1946 10.2767 10.3585 10.44 10.5213 10.6023 10.683 10.7635 10.8437 10.9237 11.0034 11.0828 11.1619 11.2408 11.3195 11.3978 11.476 11.5538 11.6314 11.7088 11.7858 11.8627 11.9392 12.0156 12.0916 12.1674 12.243 12.3183 12.3934 12.4682 12.5427 12.617 12.6911 12.7649 12.8385 12.9118 12.9849 13.0577 13.1303 13.2027 13.2748 13.3467 13.4183 13.4897 13.5609 13.6318 13.7025 13.7729 13.8432 13.9131 13.9829 14.0524 14.1217 14.1908 14.2596 14.3282 14.3966 14.4648 14.5327 14.6004 14.6679 14.7352 14.8023 14.8691 14.9357 15.0021 15.0683 15.1343 15.2 15.2655 15.3309 15.396 15.4609 15.5256 15.59 15.6543 15.7184 15.7822 15.8459 15.9093 15.9726 16.0356 16.0985 16.1611 16.2236 16.2858 16.3479 16.4097 16.4714 16.5328 16.5941 16.6552 16.716 16.7767 16.8372 16.8975 16.9576 17.0176 17.0773 17.1369 17.1963 17.2554 17.3144 17.3733]
y_24_1=[0.0088144 0.0183213 0.0285196 0.0394078 0.0509845 0.0632482 0.0761974 0.0898303 0.104145 0.11914 0.134814 0.151163 0.168187 0.185883 0.204248 0.223281 0.242979 0.26334 0.284361 0.306039 0.328372 0.351357 0.374992 0.399274 0.424198 0.449764 0.475967 0.502805 0.530274 0.558372 0.587094 0.616439 0.646401 0.676979 0.708168 0.739966 0.772368 0.805371 0.838972 0.873167 0.907952 0.943323 0.979277 1.01581 1.05292 1.0906 1.12885 1.16766 1.20703 1.24696 1.28744 1.32847 1.37004 1.41216 1.45481 1.49799 1.5417 1.58594 1.63069 1.67597 1.72175 1.76805 1.81485 1.86215 1.90994 1.95823 2.00701 2.05627 2.10601 2.15623 2.20692 2.25808 2.3097 2.36178 2.41433 2.46732 2.52076 2.57465 2.62898 2.68374 2.73894 2.79457 2.85062 2.9071 2.96399 3.02129 3.07901 3.13713 3.19566 3.25459 3.31391 3.37362 3.43372 3.4942 3.55507 3.61631 3.67793 3.73991 3.80227 3.86498 3.92806 3.99149 4.05528 4.11941 4.18389 4.24872 4.31388 4.37938 4.44521 4.51137 4.57786 4.64467 4.7118 4.77925 4.84701 4.91508 4.98346 5.05214 5.12113 5.19042 5.26 5.32987 5.40003 5.47048 5.54122 5.61223 5.68353 5.7551 5.82694 5.89905 5.97144 6.04408 6.11699 6.19016 6.26358 6.33726 6.4112 6.48538 6.55981 6.63448 6.7094 6.78455 6.85995 6.93557 7.01143 7.08752 7.16384 7.24039 7.31716 7.39415 7.47136 7.54878 7.62642 7.70428 7.78234 7.86061 7.93909 8.01777 8.09666 8.17575 8.25503 8.33451 8.41419 8.49405 8.57411 8.65436 8.7348 8.81541 8.89622 8.9772 9.05837 9.13971 9.22123 9.30292 9.38479 9.46682 9.54903 9.6314 9.71394 9.79665 9.87952 9.96255 10.0457 10.1291 10.2126 10.2963 10.3801 10.464 10.5481 10.6324 10.7168 10.8014 10.8861 10.9709 11.0559 11.1411 11.2263 11.3118 11.3973 11.483 11.5688 11.6548 11.7409 11.8271 11.9134 11.9999 12.0865 12.1732 12.2601 12.3471]
%上海9.794

x_24_2=[0.10463 0.2092 0.313705 0.418141 0.522503 0.626786 0.730987 0.8351 0.939123 1.04305 1.14688 1.2506 1.35421 1.45772 1.5611 1.66437 1.76751 1.87052 1.9734 2.07615 2.17875 2.28121 2.38352 2.48568 2.58769 2.68954 2.79123 2.89275 2.9941 3.09528 3.19629 3.29712 3.39776 3.49822 3.5985 3.69858 3.79847 3.89816 3.99765 4.09695 4.19603 4.29491 4.39358 4.49204 4.59028 4.6883 4.78611 4.88369 4.98105 5.07818 5.17508 5.27175 5.3682 5.4644 5.56037 5.6561 5.7516 5.84685 5.94186 6.03662 6.13114 6.22541 6.31943 6.4132 6.50672 6.59998 6.69299 6.78575 6.87825 6.97049 7.06248 7.1542 7.24567 7.33687 7.42781 7.51849 7.60891 7.69906 7.78894 7.87857 7.96792 8.05701 8.14583 8.23439 8.32268 8.4107 8.49845 8.58593 8.67315 8.76009 8.84677 8.93318 9.01932 9.10519 9.19079 9.27612 9.36118 9.44597 9.5305 9.61475 9.69874 9.78246 9.86591 9.94909 10.032 10.1146 10.197 10.2791 10.361 10.4426 10.5239 10.6049 10.6857 10.7662 10.8465 10.9265 11.0062 11.0857 11.1649 11.2438 11.3225 11.4009 11.4791 11.557 11.6347 11.7121 11.7892 11.8661 11.9427 12.0191 12.0952 12.171 12.2467 12.322 12.3971 12.472 12.5466 12.621 12.6951 12.769 12.8426 12.916 12.9891 13.062 13.1346 13.207 13.2792 13.3511 13.4228 13.4943 13.5655 13.6365 13.7072 13.7777 13.848 13.9181 13.9879 14.0574 14.1268 14.1959 14.2648 14.3335 14.4019 14.4702 14.5381 14.6059 14.6735 14.7408 14.8079 14.8748 14.9415 15.0079 15.0742 15.1402 15.206 15.2716 15.337 15.4021 15.4671 15.5318 15.5964 15.6607 15.7248 15.7887 15.8525 15.916 15.9793 16.0424 16.1053 16.168 16.2305 16.2928 16.3549 16.4168 16.4785 16.54 16.6013 16.6625 16.7234 16.7841 16.8447 16.9051 16.9652 17.0252 17.085 17.1447 17.2041 17.2633 17.3224 17.3813]
y_24_2=[0.00880188 0.0182953 0.0284791 0.0393519 0.0509123 0.0631588 0.0760897 0.0897035 0.103998 0.118972 0.134624 0.150951 0.167951 0.185622 0.203962 0.222968 0.242639 0.262972 0.283964 0.305613 0.327915 0.350869 0.374472 0.39872 0.423612 0.449143 0.475311 0.502113 0.529546 0.557606 0.58629 0.615596 0.645519 0.676057 0.707206 0.738962 0.771322 0.804283 0.83784 0.871991 0.906732 0.942059 0.977968 1.01446 1.05152 1.08915 1.12735 1.16612 1.20544 1.24532 1.28575 1.32673 1.36825 1.41032 1.45292 1.49605 1.53971 1.58389 1.62859 1.67382 1.71955 1.76579 1.81253 1.85978 1.90752 1.95575 2.00448 2.05368 2.10337 2.15353 2.20417 2.25527 2.30684 2.35887 2.41135 2.46429 2.51767 2.5715 2.62577 2.68048 2.73562 2.79119 2.84719 2.90361 2.96044 3.01769 3.07535 3.13342 3.19188 3.25075 3.31002 3.36967 3.42971 3.49014 3.55095 3.61213 3.67369 3.73562 3.79791 3.86057 3.92359 3.98697 4.05069 4.11477 4.17919 4.24396 4.30906 4.37451 4.44028 4.50638 4.57281 4.63957 4.70664 4.77403 4.84174 4.90975 4.97808 5.04671 5.11564 5.18487 5.25439 5.32421 5.39432 5.46471 5.53539 5.60635 5.67759 5.7491 5.82089 5.89295 5.96528 6.03787 6.11073 6.18384 6.25721 6.33084 6.40472 6.47885 6.55322 6.62784 6.70271 6.77781 6.85315 6.92873 7.00453 7.08057 7.15684 7.23333 7.31005 7.38699 7.46415 7.54152 7.61911 7.69692 7.77493 7.85315 7.93158 8.01022 8.08905 8.16809 8.24733 8.32676 8.40639 8.48621 8.56622 8.64642 8.7268 8.80738 8.88813 8.96907 9.05019 9.13148 9.21295 9.2946 9.37642 9.45841 9.54057 9.6229 9.7054 9.78806 9.87088 9.95387 10.037 10.1203 10.2038 10.2874 10.3712 10.4551 10.5392 10.6234 10.7078 10.7923 10.8769 10.9617 11.0467 11.1318 11.217 11.3024 11.3879 11.4735 11.5593 11.6452 11.7313 11.8175 11.9038 11.9902 12.0768 12.1635 12.2503 12.3372]
%赤道9.780

