y=[0.3 0.3001 0.3002 0.3003 0.3004 0.3005 0.3006 0.3007 0.3008 0.3009 0.301 0.3011 0.3012 0.3013 0.3014 0.3015 0.3016 0.3017 0.3018 0.3019 0.302 0.3021 0.3022 0.3023 0.3024 0.3025 0.3026 0.3027 0.3028 0.3029 0.303 0.3031 0.3032 0.3033 0.3034 0.3035 0.3036 0.3037 0.3038 0.3039 0.304 0.3041 0.3042 0.3043 0.3044 0.3045 0.3046 0.3047 0.3048 0.3049 0.305 0.3051 0.3052 0.3053 0.3054 0.3055 0.3056 0.3057 0.3058 0.3059 0.306 0.3061 0.3062 0.3063 0.3064 0.3065 0.3066 0.3067 0.3068 0.3069 0.307 0.3071 0.3072 0.3073 0.3074 0.3075 0.3076 0.3077 0.3078 0.3079 0.308 0.3081 0.3082 0.3083 0.3084 0.3085 0.3086 0.3087 0.3088 0.3089 0.309 0.3091 0.3092 0.3093 0.3094 0.3095 0.3096 0.3097 0.3098 0.3099 0.31 0.3101 0.3102 0.3103 0.3104 0.3105 0.3106 0.3107 0.3108 0.3109 0.311 0.3111 0.3112 0.3113 0.3114 0.3115 0.3116 0.3117 0.311956 0.313209 0.314463 0.315716 0.31697 0.318224 0.319478 0.320731 0.321986 0.32324 0.324494 0.325748 0.327003 0.328257 0.329512 0.330767 0.332021 0.333276 0.334531 0.335786 0.337041 0.338296 0.339551 0.340806 0.342061 0.343698 0.346108 0.348519 0.350929 0.35334 0.35575 0.358161 0.360572 0.362983 0.365394 0.367805 0.370216 0.372627 0.375039 0.37745 0.379861 0.382273 0.384684 0.387096 0.389507 0.391918 0.39433 0.396741 0.399152 0.401563 0.404583 0.408151 0.411718 0.415286 0.418854 0.422422 0.42599 0.429557 0.433125 0.436693 0.440261 0.443828 0.447396 0.450963 0.45453 0.458097 0.461664 0.465231 0.468798 0.472364 0.47593 0.479496 0.483062 0.486628 0.490193 0.494594 0.499317 0.50404 0.508763 0.513485 0.518207 0.52293 0.527651 0.532373 0.537094 0.541815 0.546536 0.551256 0.555976 0.560695 0.565414 0.570133 0.574851 0.579569 0.584286 0.589003 0.593719 0.598435 0.60315 0.607864 0.612578 0.617291 0.622004 0.626716 0.631428 0.636138 0.640848 0.645557 0.650266 0.654974 0.659681 0.664387 0.669092 0.673796 0.6785 0.683203 0.687905 0.692606 0.697306 0.702005 0.706703 0.7114 0.716096 0.720791 0.725486 0.730179 0.734871 0.739562 0.744251 0.74894 0.754262 0.760111 0.765958 0.771805 0.77765 0.783494 0.789338 0.79518 0.80102 0.80686 0.812698 0.818535 0.824371 0.830206 0.836039 0.841871 0.847701 0.853531 0.859358 0.865185 0.87101 0.876833 0.882655 0.888475 0.894294 0.900111 0.905927 0.911741 0.917554 0.923364 0.929174 0.934981 0.940787 0.946591 0.952393 0.958194 0.963992 0.969789 0.975584 0.981377 0.987168 0.992958 0.998745 1.00453 1.01031 1.0161 1.02188 1.02765 1.03343 1.0392 1.04497 1.05074 1.05651 1.06227 1.06804 1.0738 1.07955 1.08531 1.09106 1.09681 1.10256 1.10831 1.11405 1.1198 1.12554 1.13127 1.13701 1.14274 1.14847 1.1542 1.15992 1.16564 1.17136 1.17708 1.1828 1.18851 1.19422 1.19992 1.20563 1.21133 1.21703 1.22272 1.22842 1.23411 1.23979 1.24548 1.25116 1.25684 1.26251 1.26819 1.27386 1.27952 1.28519 1.29085 1.29651 1.30216 1.30782 1.31346 1.31911 1.32475 1.33039 1.33603 1.34166 1.34729 1.35292 1.35855 1.36417 1.36978 1.3754 1.38101 1.38662 1.39222 1.39782 1.40342 1.40901 1.41461 1.42019 1.42578 1.43136 1.43694 1.44251 1.44808 1.45365 1.45921 1.46477 1.47032 1.47588 1.48143 1.48697 1.49251 1.49805 1.50359 1.50912 1.51464 1.52017 1.52569 1.5312 1.53671 1.54222 1.54773 1.55323 1.55872 1.56422 1.56971 1.57519 1.58067 1.58615 1.59162 1.59709 1.60256 1.60802 1.61348 1.61893 1.62438 1.62982 1.63527 1.6407 1.64614 1.65157 1.65699 1.66241 1.66783 1.67324 1.67865 1.68405 1.68945 1.69485 1.70024 1.70563 1.71101 1.71639 1.72176 1.72713 1.7325 1.73786 1.74322 1.74857 1.75392 1.75926 1.7646 1.76993 1.77526 1.78059 1.78591 1.79123 1.79654 1.80185 1.80715 1.81245 1.81775 1.82304 1.82832 1.8336 1.83888 1.84415 1.84942 1.85468 1.85994 1.86519 1.87044 1.87568 1.88092 1.88615 1.89138 1.89661 1.90183 1.90704 1.91225 1.91746 1.92266 1.92785 1.93305 1.93823 1.94341 1.94859 1.95376 1.95893 1.96409 1.96925 1.9744 1.97955 1.98469 1.98982 1.99496 2.00008 2.00521 2.01032 2.01544 2.02054 2.02565 2.03074 2.03583 2.04092 2.046 2.05108 2.05615 2.06122 2.06628 2.07134 2.07639 2.08144 2.08648 2.09151 2.09654 2.10157 2.10659 2.1116 2.11661 2.12162 2.12662 2.13161 2.1366 2.14159 2.14657 2.15154 2.15651 2.16147 2.16643 2.17138 2.17633 2.18127 2.1862 2.19114 2.19606 2.20098 2.2059 2.21081 2.21571 2.22061 2.2255 2.23039 2.23527 2.24015 2.24502 2.24989 2.25475 2.25961 2.26446 2.2693 2.27414 2.27897 2.2838 2.28862 2.29344 2.29825 2.30306 2.30786 2.31266 2.31745 2.32223 2.32701 2.33178 2.33655 2.34131 2.34607 2.35082 2.35557 2.36031 2.36504 2.36977 2.37449 2.37921 2.38392 2.38863 2.39333 2.39802 2.40271 2.4074 2.41208 2.41675 2.42142 2.42608 2.43073 2.43538 2.44003 2.44467 2.4493 2.45393 2.45855 2.46316 2.46777 2.47238 2.47698 2.48157 2.48616 2.49074 2.49532 2.49989 2.50445 2.50901 2.51357 2.51811 2.52266 2.52719 2.53172 2.53625 2.54077 2.54528 2.54979 2.55429 2.55878 2.56328 2.56776 2.57224 2.57671 2.58118 2.58564 2.5901 2.59455 2.59899 2.60343 2.60786 2.61229 2.61671 2.62112 2.62553 2.62994 2.63434 2.63873 2.64311 2.64749 2.65187 2.65624 2.6606 2.66496 2.66931 2.67366 2.678 2.68233 2.68666 2.69098 2.6953 2.69961 2.70391 2.70821 2.71251 2.71679 2.72108 2.72535 2.72962 2.73389 2.73814 2.7424 2.74664 2.75088 2.75512 2.75935 2.76357 2.76779 2.772 2.77621 2.78041 2.7846 2.78879 2.79297 2.79715 2.80132 2.80549 2.80965 2.8138 2.81795 2.82209 2.82623 2.83036 2.83448 2.8386 2.84271 2.84682 2.85092 2.85502 2.85911 2.86319 2.86727 2.87134 2.87541 2.87947 2.88352 2.88757 2.89161 2.89565 2.89968 2.90371 2.90773 2.91174 2.91575 2.91975 2.92375 2.92774 2.93173 2.93571 2.93968 2.94365 2.94761 2.95157 2.95552 2.95946 2.9634 2.96733 2.97126 2.97518 2.9791 2.98301 2.98691 2.99081 2.9947 2.99859 3.00247 3.00635 3.01022 3.01408 3.01794 3.02179 3.02564 3.02948 3.03331 3.03714 3.04097 3.04478 3.0486 3.0524 3.0562 3.06 3.06379 3.06757 3.07135 3.07512 3.07889 3.08265 3.08641 3.09016 3.0939 3.09764 3.10137 3.1051 3.10882 3.11253 3.11624 3.11995 3.12365 3.12734 3.13103 3.13471 3.13838 3.14205 3.14572 3.14938 3.15303 3.15668 3.16032 3.16396 3.16759 3.17121 3.17483 3.17844 3.18205 3.18566 3.18925 3.19284 3.19643 3.20001 3.20359 3.20715 3.21072 3.21428 3.21783 3.22138 3.22492 3.22845 3.23198 3.23551 3.23903 3.24254 3.24605 3.24955 3.25305 3.25654 3.26003 3.26351 3.26698 3.27045 3.27392 3.27738 3.28083 3.28428 3.28772 3.29116 3.29459 3.29801 3.30144 3.30485 3.30826 3.31166 3.31506 3.31846 3.32184 3.32523 3.3286 3.33198 3.33534 3.3387 3.34206 3.34541 3.34875 3.35209 3.35543 3.35876 3.36208 3.3654 3.36871 3.37202 3.37532 3.37862 3.38191 3.38519 3.38847 3.39175 3.39502 3.39828 3.40154 3.4048 3.40805 3.41129 3.41453 3.41776 3.42099 3.42421 3.42743 3.43064 3.43385 3.43705 3.44025 3.44344 3.44662 3.4498 3.45298 3.45615 3.45932 3.46248 3.46563 3.46878 3.47193 3.47506 3.4782 3.48133 3.48445 3.48757 3.49068 3.49379 3.4969 3.5 3.50309 3.50618 3.50926 3.51234 3.51541 3.51848 3.52154 3.5246 3.52765 3.5307 3.53374 3.53678 3.53981 3.54284 3.54586 3.54888 3.55189 3.5549 3.5579 3.5609 3.56389 3.56688 3.56986 3.57284 3.57581 3.57878 3.58174 3.5847 3.58765 3.5906 3.59354 3.59648 3.59942 3.60234 3.60527 3.60819 3.6111 3.61401 3.61691 3.61981 3.62271 3.62559 3.62848 3.63136 3.63423 3.6371 3.63997 3.64283 3.64569 3.64854 3.65138 3.65422 3.65706 3.65989 3.66272 3.66554 3.66836 3.67117 3.67398 3.67678 3.67958 3.68237 3.68516 3.68795 3.69073 3.6935 3.69627 3.69904 3.7018 3.70456 3.70731 3.71006 3.7128 3.71554 3.71827 3.721 3.72372 3.72644 3.72916 3.73187 3.73457 3.73727 3.73997 3.74266 3.74535 3.74803 3.75071 3.75338 3.75605 3.75871 3.76137 3.76403 3.76668 3.76933 3.77197 3.77461 3.77724 3.77987 3.78249 3.78511 3.78773 3.79034 3.79294 3.79555 3.79814 3.80074 3.80333 3.80591 3.80849 3.81106 3.81364 3.8162 3.81876 3.82132 3.82388 3.82642 3.82897 3.83151 3.83405 3.83658 3.83911 3.84163 3.84415 3.84666 3.84917 3.85168 3.85418 3.85668 3.85917 3.86166 3.86414 3.86662 3.8691 3.87157 3.87404 3.8765 3.87896 3.88142 3.88387 3.88632 3.88876 3.8912 3.89363 3.89606 3.89849 3.90091 3.90333 3.90574 3.90815 3.91055 3.91296 3.91535 3.91774 3.92013 3.92252 3.9249 3.92728 3.92965 3.93202 3.93438 3.93674 3.9391 3.94145 3.9438 3.94614 3.94848 3.95082 3.95315 3.95548 